14
German     0.000000 1.000000 0.600000 0.800000 1.000000 0.800000 0.800000 0.800000 0.800000 1.000000 1.000000 1.000000 0.800000 0.800000 
English    1.000000 0.000000 0.800000 0.800000 0.600000 0.800000 0.800000 0.800000 0.800000 0.800000 0.800000 0.800000 0.800000 0.800000 
Gutnish_Lau 0.600000 0.800000 0.000000 0.500000 0.750000 0.500000 0.250000 0.500000 0.250000 0.600000 0.600000 0.600000 0.250000 0.250000 
Dutch_List 0.800000 0.800000 0.500000 0.000000 0.750000 0.500000 0.250000 0.500000 0.250000 0.600000 0.600000 0.600000 0.250000 0.250000 
Old_Irish  1.000000 0.600000 0.750000 0.750000 0.000000 0.500000 0.750000 0.750000 0.750000 0.800000 0.800000 0.800000 0.750000 0.750000 
Danish     0.800000 0.800000 0.500000 0.500000 0.500000 0.000000 0.333333 0.333333 0.333333 0.600000 0.600000 0.600000 0.333333 0.333333 
Swedish    0.800000 0.800000 0.250000 0.250000 0.750000 0.333333 0.000000 0.333333 0.000000 0.400000 0.400000 0.400000 0.000000 0.000000 
Stavangersk 0.800000 0.800000 0.500000 0.500000 0.750000 0.333333 0.333333 0.000000 0.333333 0.600000 0.600000 0.600000 0.333333 0.333333 
Norwegian  0.800000 0.800000 0.250000 0.250000 0.750000 0.333333 0.000000 0.333333 0.000000 0.400000 0.400000 0.400000 0.000000 0.000000 
Old_Swedish 1.000000 0.800000 0.600000 0.600000 0.800000 0.600000 0.400000 0.600000 0.400000 0.000000 0.200000 0.200000 0.400000 0.400000 
Icelandic_St 1.000000 0.800000 0.600000 0.600000 0.800000 0.600000 0.400000 0.600000 0.400000 0.200000 0.000000 0.000000 0.400000 0.400000 
Faroese    1.000000 0.800000 0.600000 0.600000 0.800000 0.600000 0.400000 0.600000 0.400000 0.200000 0.000000 0.000000 0.400000 0.400000 
Danish_Fjolde 0.800000 0.800000 0.250000 0.250000 0.750000 0.333333 0.000000 0.333333 0.000000 0.400000 0.400000 0.400000 0.000000 0.000000 
Frisian    0.800000 0.800000 0.250000 0.250000 0.750000 0.333333 0.000000 0.333333 0.000000 0.400000 0.400000 0.400000 0.000000 0.000000 
