13
Övdalian   0.000000 0.666667 0.714286 0.600000 0.600000 0.333333 0.666667 0.666667 0.666667 0.666667 0.333333 0.500000 0.666667 
English    0.666667 0.000000 0.857143 0.800000 0.800000 0.666667 0.666667 0.666667 0.666667 0.666667 0.666667 0.500000 0.666667 
Faroese    0.714286 0.857143 0.000000 0.428571 0.428571 0.714286 0.714286 0.714286 0.714286 0.714286 0.857143 0.571429 0.714286 
Icelandic_St 0.600000 0.800000 0.428571 0.000000 0.000000 0.400000 0.800000 0.800000 0.800000 0.800000 0.800000 0.600000 0.600000 
Old_Norse  0.600000 0.800000 0.428571 0.000000 0.000000 0.400000 0.800000 0.800000 0.800000 0.800000 0.800000 0.600000 0.600000 
Frisian    0.333333 0.666667 0.714286 0.400000 0.400000 0.000000 0.666667 0.666667 0.666667 0.666667 0.666667 0.500000 0.666667 
Danish     0.666667 0.666667 0.714286 0.800000 0.800000 0.666667 0.000000 0.000000 0.000000 0.333333 0.666667 0.500000 0.333333 
Swedish    0.666667 0.666667 0.714286 0.800000 0.800000 0.666667 0.000000 0.000000 0.000000 0.333333 0.666667 0.500000 0.333333 
Norwegian  0.666667 0.666667 0.714286 0.800000 0.800000 0.666667 0.000000 0.000000 0.000000 0.333333 0.666667 0.500000 0.333333 
Stavangersk 0.666667 0.666667 0.714286 0.800000 0.800000 0.666667 0.333333 0.333333 0.333333 0.000000 0.333333 0.250000 0.666667 
Gutnish_Lau 0.333333 0.666667 0.857143 0.800000 0.800000 0.666667 0.666667 0.666667 0.666667 0.333333 0.000000 0.500000 0.666667 
Old_Swedish 0.500000 0.500000 0.571429 0.600000 0.600000 0.500000 0.500000 0.500000 0.500000 0.250000 0.500000 0.000000 0.750000 
Danish_Fjolde 0.666667 0.666667 0.714286 0.600000 0.600000 0.666667 0.333333 0.333333 0.333333 0.666667 0.666667 0.750000 0.000000 
