35
Old_Church_Slavonic 0.000000 0.800000 0.800000 0.800000 1.000000 0.600000 0.600000 1.000000 1.000000 1.000000 0.800000 1.000000 0.800000 0.800000 1.000000 1.000000 1.000000 1.000000 1.000000 0.800000 1.000000 1.000000 0.400000 0.200000 0.000000 1.000000 1.000000 1.000000 1.000000 1.000000 1.000000 0.400000 1.000000 1.000000 1.000000 
Frisian    0.800000 0.000000 0.666667 0.666667 0.666667 0.666667 0.750000 0.800000 1.000000 1.000000 1.000000 1.000000 0.666667 0.666667 1.000000 1.000000 1.000000 1.000000 1.000000 0.666667 1.000000 0.666667 0.800000 0.800000 0.800000 1.000000 1.000000 1.000000 1.000000 1.000000 1.000000 1.000000 0.666667 1.000000 1.000000 
Danish_Fjolde 0.800000 0.666667 0.000000 0.333333 0.666667 0.666667 0.750000 0.600000 1.000000 1.000000 1.000000 0.666667 0.000000 0.333333 0.666667 0.666667 0.666667 0.666667 0.666667 0.333333 0.666667 0.666667 0.800000 0.800000 0.800000 1.000000 0.750000 0.666667 1.000000 1.000000 1.000000 0.800000 1.000000 1.000000 0.800000 
Old_Swedish 0.800000 0.666667 0.333333 0.000000 1.000000 0.666667 0.750000 0.600000 1.000000 1.000000 1.000000 0.666667 0.333333 0.333333 0.666667 0.666667 0.666667 0.666667 0.666667 0.333333 0.666667 1.000000 0.800000 0.800000 0.800000 1.000000 1.000000 0.500000 1.000000 1.000000 1.000000 1.000000 1.000000 1.000000 1.000000 
German     1.000000 0.666667 0.666667 1.000000 0.000000 1.000000 1.000000 1.000000 1.000000 1.000000 1.000000 0.666667 0.666667 1.000000 0.666667 0.666667 0.666667 0.666667 0.666667 1.000000 0.666667 0.000000 1.000000 1.000000 1.000000 1.000000 0.750000 1.000000 1.000000 1.000000 1.000000 0.800000 0.500000 1.000000 0.800000 
Iron_Ossetic 0.600000 0.666667 0.666667 0.666667 1.000000 0.000000 0.250000 0.800000 1.000000 1.000000 0.666667 1.000000 0.666667 0.666667 1.000000 1.000000 1.000000 1.000000 1.000000 0.666667 1.000000 1.000000 0.400000 0.600000 0.600000 1.000000 1.000000 1.000000 1.000000 1.000000 1.000000 0.800000 1.000000 1.000000 1.000000 
Digor_Ossetic 0.600000 0.750000 0.750000 0.750000 1.000000 0.250000 0.000000 0.800000 1.000000 1.000000 0.750000 1.000000 0.750000 0.750000 1.000000 1.000000 1.000000 1.000000 1.000000 0.750000 1.000000 1.000000 0.400000 0.600000 0.600000 1.000000 1.000000 1.000000 1.000000 1.000000 1.000000 0.800000 1.000000 1.000000 1.000000 
Greek_Mod  1.000000 0.800000 0.600000 0.600000 1.000000 0.800000 0.800000 0.000000 1.000000 1.000000 1.000000 0.800000 0.600000 0.600000 0.800000 0.800000 0.800000 0.800000 0.800000 0.600000 0.800000 1.000000 0.800000 0.800000 1.000000 0.800000 1.000000 0.800000 0.600000 1.000000 0.800000 1.000000 0.800000 0.800000 0.800000 
Cornish    1.000000 1.000000 1.000000 1.000000 1.000000 1.000000 1.000000 1.000000 0.000000 0.500000 1.000000 1.000000 1.000000 1.000000 1.000000 1.000000 1.000000 1.000000 1.000000 1.000000 1.000000 1.000000 1.000000 1.000000 1.000000 0.750000 0.750000 0.500000 0.666667 0.500000 1.000000 1.000000 1.000000 0.750000 1.000000 
Catalan    1.000000 1.000000 1.000000 1.000000 1.000000 1.000000 1.000000 1.000000 0.500000 0.000000 0.500000 1.000000 1.000000 1.000000 1.000000 1.000000 1.000000 1.000000 1.000000 1.000000 1.000000 1.000000 1.000000 1.000000 1.000000 0.500000 0.500000 0.500000 0.666667 0.000000 1.000000 1.000000 1.000000 0.750000 0.800000 
Armenian_Mod 0.800000 1.000000 1.000000 1.000000 1.000000 0.666667 0.750000 1.000000 1.000000 0.500000 0.000000 1.000000 1.000000 1.000000 1.000000 1.000000 1.000000 1.000000 1.000000 1.000000 1.000000 1.000000 0.800000 0.800000 0.800000 0.750000 0.750000 1.000000 1.000000 0.500000 1.000000 0.800000 1.000000 1.000000 0.800000 
English    1.000000 1.000000 0.666667 0.666667 0.666667 1.000000 1.000000 0.800000 1.000000 1.000000 1.000000 0.000000 0.666667 0.333333 0.000000 0.000000 0.000000 0.000000 0.000000 0.333333 0.000000 0.666667 1.000000 1.000000 1.000000 1.000000 0.750000 0.666667 1.000000 1.000000 1.000000 0.800000 1.000000 1.000000 0.800000 
Danish     0.800000 0.666667 0.000000 0.333333 0.666667 0.666667 0.750000 0.600000 1.000000 1.000000 1.000000 0.666667 0.000000 0.333333 0.666667 0.666667 0.666667 0.666667 0.666667 0.333333 0.666667 0.666667 0.800000 0.800000 0.800000 1.000000 0.750000 0.666667 1.000000 1.000000 1.000000 0.800000 1.000000 1.000000 0.800000 
Swedish    0.800000 0.666667 0.333333 0.333333 1.000000 0.666667 0.750000 0.600000 1.000000 1.000000 1.000000 0.333333 0.333333 0.000000 0.333333 0.333333 0.333333 0.333333 0.333333 0.000000 0.333333 1.000000 0.800000 0.800000 0.800000 1.000000 1.000000 0.666667 1.000000 1.000000 1.000000 1.000000 1.000000 1.000000 1.000000 
Övdalian   1.000000 1.000000 0.666667 0.666667 0.666667 1.000000 1.000000 0.800000 1.000000 1.000000 1.000000 0.000000 0.666667 0.333333 0.000000 0.000000 0.000000 0.000000 0.000000 0.333333 0.000000 0.666667 1.000000 1.000000 1.000000 1.000000 0.750000 0.666667 1.000000 1.000000 1.000000 0.800000 1.000000 1.000000 0.800000 
Old_Norse  1.000000 1.000000 0.666667 0.666667 0.666667 1.000000 1.000000 0.800000 1.000000 1.000000 1.000000 0.000000 0.666667 0.333333 0.000000 0.000000 0.000000 0.000000 0.000000 0.333333 0.000000 0.666667 1.000000 1.000000 1.000000 1.000000 0.750000 0.666667 1.000000 1.000000 1.000000 0.800000 1.000000 1.000000 0.800000 
Faroese    1.000000 1.000000 0.666667 0.666667 0.666667 1.000000 1.000000 0.800000 1.000000 1.000000 1.000000 0.000000 0.666667 0.333333 0.000000 0.000000 0.000000 0.000000 0.000000 0.333333 0.000000 0.666667 1.000000 1.000000 1.000000 1.000000 0.750000 0.666667 1.000000 1.000000 1.000000 0.800000 1.000000 1.000000 0.800000 
Norwegian  1.000000 1.000000 0.666667 0.666667 0.666667 1.000000 1.000000 0.800000 1.000000 1.000000 1.000000 0.000000 0.666667 0.333333 0.000000 0.000000 0.000000 0.000000 0.000000 0.333333 0.000000 0.666667 1.000000 1.000000 1.000000 1.000000 0.750000 0.666667 1.000000 1.000000 1.000000 0.800000 1.000000 1.000000 0.800000 
Stavangersk 1.000000 1.000000 0.666667 0.666667 0.666667 1.000000 1.000000 0.800000 1.000000 1.000000 1.000000 0.000000 0.666667 0.333333 0.000000 0.000000 0.000000 0.000000 0.000000 0.333333 0.000000 0.666667 1.000000 1.000000 1.000000 1.000000 0.750000 0.666667 1.000000 1.000000 1.000000 0.800000 1.000000 1.000000 0.800000 
Gutnish_Lau 0.800000 0.666667 0.333333 0.333333 1.000000 0.666667 0.750000 0.600000 1.000000 1.000000 1.000000 0.333333 0.333333 0.000000 0.333333 0.333333 0.333333 0.333333 0.333333 0.000000 0.333333 1.000000 0.800000 0.800000 0.800000 1.000000 1.000000 0.666667 1.000000 1.000000 1.000000 1.000000 1.000000 1.000000 1.000000 
Icelandic_St 1.000000 1.000000 0.666667 0.666667 0.666667 1.000000 1.000000 0.800000 1.000000 1.000000 1.000000 0.000000 0.666667 0.333333 0.000000 0.000000 0.000000 0.000000 0.000000 0.333333 0.000000 0.666667 1.000000 1.000000 1.000000 1.000000 0.750000 0.666667 1.000000 1.000000 1.000000 0.800000 1.000000 1.000000 0.800000 
Dutch_List 1.000000 0.666667 0.666667 1.000000 0.000000 1.000000 1.000000 1.000000 1.000000 1.000000 1.000000 0.666667 0.666667 1.000000 0.666667 0.666667 0.666667 0.666667 0.666667 1.000000 0.666667 0.000000 1.000000 1.000000 1.000000 1.000000 0.750000 1.000000 1.000000 1.000000 1.000000 0.800000 0.500000 1.000000 0.800000 
Polish     0.400000 0.800000 0.800000 0.800000 1.000000 0.400000 0.400000 0.800000 1.000000 1.000000 0.800000 1.000000 0.800000 0.800000 1.000000 1.000000 1.000000 1.000000 1.000000 0.800000 1.000000 1.000000 0.000000 0.200000 0.400000 1.000000 1.000000 1.000000 0.800000 1.000000 1.000000 0.800000 1.000000 0.800000 0.800000 
Russian    0.200000 0.800000 0.800000 0.800000 1.000000 0.600000 0.600000 0.800000 1.000000 1.000000 0.800000 1.000000 0.800000 0.800000 1.000000 1.000000 1.000000 1.000000 1.000000 0.800000 1.000000 1.000000 0.200000 0.000000 0.200000 1.000000 1.000000 1.000000 0.800000 1.000000 1.000000 0.600000 1.000000 0.800000 0.800000 
Bulgarian  0.000000 0.800000 0.800000 0.800000 1.000000 0.600000 0.600000 1.000000 1.000000 1.000000 0.800000 1.000000 0.800000 0.800000 1.000000 1.000000 1.000000 1.000000 1.000000 0.800000 1.000000 1.000000 0.400000 0.200000 0.000000 1.000000 1.000000 1.000000 1.000000 1.000000 1.000000 0.400000 1.000000 1.000000 1.000000 
Latin      1.000000 1.000000 1.000000 1.000000 1.000000 1.000000 1.000000 0.800000 0.750000 0.500000 0.750000 1.000000 1.000000 1.000000 1.000000 1.000000 1.000000 1.000000 1.000000 1.000000 1.000000 1.000000 1.000000 1.000000 1.000000 0.000000 0.500000 0.750000 0.500000 0.500000 1.000000 1.000000 0.750000 0.750000 1.000000 
French     1.000000 1.000000 0.750000 1.000000 0.750000 1.000000 1.000000 1.000000 0.750000 0.500000 0.750000 0.750000 0.750000 1.000000 0.750000 0.750000 0.750000 0.750000 0.750000 1.000000 0.750000 0.750000 1.000000 1.000000 1.000000 0.500000 0.000000 0.750000 0.750000 0.500000 1.000000 0.800000 1.000000 1.000000 0.800000 
Old_Irish  1.000000 1.000000 0.666667 0.500000 1.000000 1.000000 1.000000 0.800000 0.500000 0.500000 1.000000 0.666667 0.666667 0.666667 0.666667 0.666667 0.666667 0.666667 0.666667 0.666667 0.666667 1.000000 1.000000 1.000000 1.000000 0.750000 0.750000 0.000000 0.666667 0.500000 1.000000 1.000000 1.000000 0.750000 1.000000 
Portuguese_St 1.000000 1.000000 1.000000 1.000000 1.000000 1.000000 1.000000 0.600000 0.666667 0.666667 1.000000 1.000000 1.000000 1.000000 1.000000 1.000000 1.000000 1.000000 1.000000 1.000000 1.000000 1.000000 0.800000 0.800000 1.000000 0.500000 0.750000 0.666667 0.000000 0.666667 1.000000 1.000000 0.666667 0.250000 0.600000 
Rumanian_List 1.000000 1.000000 1.000000 1.000000 1.000000 1.000000 1.000000 1.000000 0.500000 0.000000 0.500000 1.000000 1.000000 1.000000 1.000000 1.000000 1.000000 1.000000 1.000000 1.000000 1.000000 1.000000 1.000000 1.000000 1.000000 0.500000 0.500000 0.500000 0.666667 0.000000 1.000000 1.000000 1.000000 0.750000 0.800000 
Irish_B    1.000000 1.000000 1.000000 1.000000 1.000000 1.000000 1.000000 0.800000 1.000000 1.000000 1.000000 1.000000 1.000000 1.000000 1.000000 1.000000 1.000000 1.000000 1.000000 1.000000 1.000000 1.000000 1.000000 1.000000 1.000000 1.000000 1.000000 1.000000 1.000000 1.000000 0.000000 1.000000 1.000000 0.750000 0.800000 
Czech      0.400000 1.000000 0.800000 1.000000 0.800000 0.800000 0.800000 1.000000 1.000000 1.000000 0.800000 0.800000 0.800000 1.000000 0.800000 0.800000 0.800000 0.800000 0.800000 1.000000 0.800000 0.800000 0.800000 0.600000 0.400000 1.000000 0.800000 1.000000 1.000000 1.000000 1.000000 0.000000 0.800000 1.000000 1.000000 
Breton_St  1.000000 0.666667 1.000000 1.000000 0.500000 1.000000 1.000000 0.800000 1.000000 1.000000 1.000000 1.000000 1.000000 1.000000 1.000000 1.000000 1.000000 1.000000 1.000000 1.000000 1.000000 0.500000 1.000000 1.000000 1.000000 0.750000 1.000000 1.000000 0.666667 1.000000 1.000000 0.800000 0.000000 0.750000 0.800000 
Italian    1.000000 1.000000 1.000000 1.000000 1.000000 1.000000 1.000000 0.800000 0.750000 0.750000 1.000000 1.000000 1.000000 1.000000 1.000000 1.000000 1.000000 1.000000 1.000000 1.000000 1.000000 1.000000 0.800000 0.800000 1.000000 0.750000 1.000000 0.750000 0.250000 0.750000 0.750000 1.000000 0.750000 0.000000 0.400000 
Spanish    1.000000 1.000000 0.800000 1.000000 0.800000 1.000000 1.000000 0.800000 1.000000 0.800000 0.800000 0.800000 0.800000 1.000000 0.800000 0.800000 0.800000 0.800000 0.800000 1.000000 0.800000 0.800000 0.800000 0.800000 1.000000 1.000000 0.800000 1.000000 0.600000 0.800000 0.800000 1.000000 0.800000 0.400000 0.000000 
