15
Old_Norse  0.000000 0.000000 0.250000 0.333333 0.250000 0.250000 0.666667 0.333333 0.333333 0.333333 1.000000 1.000000 1.000000 1.000000 1.000000 
Old_Swedish 0.000000 0.000000 0.250000 0.333333 0.250000 0.250000 0.666667 0.333333 0.333333 0.333333 1.000000 1.000000 1.000000 1.000000 1.000000 
Icelandic_St 0.250000 0.250000 0.000000 0.500000 0.250000 0.000000 0.750000 0.500000 0.500000 0.500000 1.000000 1.000000 1.000000 1.000000 1.000000 
Danish     0.333333 0.333333 0.500000 0.000000 0.500000 0.500000 0.666667 0.000000 0.000000 0.333333 1.000000 1.000000 1.000000 1.000000 1.000000 
Övdalian   0.250000 0.250000 0.250000 0.500000 0.000000 0.250000 0.500000 0.500000 0.500000 0.250000 1.000000 1.000000 0.750000 1.000000 1.000000 
Faroese    0.250000 0.250000 0.000000 0.500000 0.250000 0.000000 0.750000 0.500000 0.500000 0.500000 1.000000 1.000000 1.000000 1.000000 1.000000 
English    0.666667 0.666667 0.750000 0.666667 0.500000 0.750000 0.000000 0.666667 0.666667 0.666667 1.000000 1.000000 0.666667 1.000000 1.000000 
Norwegian  0.333333 0.333333 0.500000 0.000000 0.500000 0.500000 0.666667 0.000000 0.000000 0.333333 1.000000 1.000000 1.000000 1.000000 1.000000 
Swedish    0.333333 0.333333 0.500000 0.000000 0.500000 0.500000 0.666667 0.000000 0.000000 0.333333 1.000000 1.000000 1.000000 1.000000 1.000000 
Stavangersk 0.333333 0.333333 0.500000 0.333333 0.250000 0.500000 0.666667 0.333333 0.333333 0.000000 1.000000 1.000000 1.000000 1.000000 1.000000 
Catalan    1.000000 1.000000 1.000000 1.000000 1.000000 1.000000 1.000000 1.000000 1.000000 1.000000 0.000000 0.250000 0.666667 0.400000 0.250000 
Italian    1.000000 1.000000 1.000000 1.000000 1.000000 1.000000 1.000000 1.000000 1.000000 1.000000 0.250000 0.000000 0.750000 0.200000 0.000000 
French     1.000000 1.000000 1.000000 1.000000 0.750000 1.000000 0.666667 1.000000 1.000000 1.000000 0.666667 0.750000 0.000000 0.600000 0.750000 
Portuguese_St 1.000000 1.000000 1.000000 1.000000 1.000000 1.000000 1.000000 1.000000 1.000000 1.000000 0.400000 0.200000 0.600000 0.000000 0.200000 
Spanish    1.000000 1.000000 1.000000 1.000000 1.000000 1.000000 1.000000 1.000000 1.000000 1.000000 0.250000 0.000000 0.750000 0.200000 0.000000 
