28
Irish_B    0.000000 0.000000 0.666667 0.625000 0.500000 0.600000 0.571429 0.600000 0.600000 0.714286 0.600000 0.600000 0.625000 0.600000 0.500000 0.600000 0.600000 0.666667 0.666667 1.000000 0.833333 0.800000 0.800000 0.800000 0.800000 0.800000 0.800000 0.666667 
Old_Irish  0.000000 0.000000 0.666667 0.625000 0.500000 0.600000 0.571429 0.600000 0.600000 0.714286 0.600000 0.600000 0.625000 0.600000 0.500000 0.600000 0.600000 0.666667 0.666667 1.000000 0.833333 0.800000 0.800000 0.800000 0.800000 0.800000 0.800000 0.666667 
Norwegian  0.666667 0.666667 0.000000 0.250000 0.375000 0.333333 0.571429 0.333333 0.333333 0.714286 0.333333 0.333333 0.250000 0.333333 0.666667 0.500000 0.500000 0.333333 0.000000 0.833333 0.666667 0.666667 0.500000 0.833333 0.666667 0.666667 0.666667 0.666667 
Swedish    0.625000 0.625000 0.250000 0.000000 0.125000 0.500000 0.625000 0.500000 0.500000 0.625000 0.500000 0.500000 0.000000 0.500000 0.750000 0.500000 0.500000 0.500000 0.250000 0.750000 0.500000 0.625000 0.625000 0.750000 0.625000 0.625000 0.625000 0.625000 
Stavangersk 0.500000 0.500000 0.375000 0.125000 0.000000 0.625000 0.500000 0.625000 0.625000 0.625000 0.625000 0.625000 0.125000 0.625000 0.625000 0.500000 0.625000 0.625000 0.375000 0.875000 0.625000 0.750000 0.750000 0.750000 0.750000 0.750000 0.750000 0.750000 
Faroese    0.600000 0.600000 0.333333 0.500000 0.625000 0.000000 0.571429 0.200000 0.000000 0.714286 0.200000 0.200000 0.500000 0.200000 0.333333 0.400000 0.400000 0.166667 0.333333 0.800000 0.666667 0.600000 0.600000 0.800000 0.600000 0.600000 0.600000 0.666667 
Ovdalian   0.571429 0.571429 0.571429 0.625000 0.500000 0.571429 0.000000 0.571429 0.571429 0.714286 0.571429 0.571429 0.625000 0.571429 0.428571 0.428571 0.571429 0.428571 0.571429 0.857143 0.857143 0.857143 0.857143 0.857143 0.857143 0.857143 0.857143 0.571429 
Old_Norse  0.600000 0.600000 0.333333 0.500000 0.625000 0.200000 0.571429 0.000000 0.200000 0.714286 0.000000 0.000000 0.500000 0.000000 0.500000 0.400000 0.200000 0.333333 0.333333 0.800000 0.666667 0.500000 0.500000 0.800000 0.500000 0.500000 0.500000 0.666667 
Old_Swedish2 0.600000 0.600000 0.333333 0.500000 0.625000 0.000000 0.571429 0.200000 0.000000 0.714286 0.200000 0.200000 0.500000 0.200000 0.333333 0.400000 0.400000 0.166667 0.333333 0.800000 0.666667 0.600000 0.600000 0.800000 0.600000 0.600000 0.600000 0.666667 
Cornish    0.714286 0.714286 0.714286 0.625000 0.625000 0.714286 0.714286 0.714286 0.714286 0.000000 0.714286 0.714286 0.625000 0.714286 0.571429 0.428571 0.571429 0.714286 0.714286 0.857143 0.714286 0.857143 0.857143 0.571429 0.857143 0.857143 0.857143 0.714286 
Frisian    0.600000 0.600000 0.333333 0.500000 0.625000 0.200000 0.571429 0.000000 0.200000 0.714286 0.000000 0.000000 0.500000 0.000000 0.500000 0.400000 0.200000 0.333333 0.333333 0.800000 0.666667 0.500000 0.500000 0.800000 0.500000 0.500000 0.500000 0.666667 
Danish_Fjolde 0.600000 0.600000 0.333333 0.500000 0.625000 0.200000 0.571429 0.000000 0.200000 0.714286 0.000000 0.000000 0.500000 0.000000 0.500000 0.400000 0.200000 0.333333 0.333333 0.800000 0.666667 0.500000 0.500000 0.800000 0.500000 0.500000 0.500000 0.666667 
Old_Swedish 0.625000 0.625000 0.250000 0.000000 0.125000 0.500000 0.625000 0.500000 0.500000 0.625000 0.500000 0.500000 0.000000 0.500000 0.750000 0.500000 0.500000 0.500000 0.250000 0.750000 0.500000 0.625000 0.625000 0.750000 0.625000 0.625000 0.625000 0.625000 
Icelandic_St 0.600000 0.600000 0.333333 0.500000 0.625000 0.200000 0.571429 0.000000 0.200000 0.714286 0.000000 0.000000 0.500000 0.000000 0.500000 0.400000 0.200000 0.333333 0.333333 0.800000 0.666667 0.500000 0.500000 0.800000 0.500000 0.500000 0.500000 0.666667 
Gutnish_Lau 0.500000 0.500000 0.666667 0.750000 0.625000 0.333333 0.428571 0.500000 0.333333 0.571429 0.500000 0.500000 0.750000 0.500000 0.000000 0.333333 0.500000 0.333333 0.666667 1.000000 0.833333 0.833333 0.833333 0.666667 0.833333 0.833333 0.833333 0.833333 
German     0.600000 0.600000 0.500000 0.500000 0.500000 0.400000 0.428571 0.400000 0.400000 0.428571 0.400000 0.400000 0.500000 0.400000 0.333333 0.000000 0.600000 0.500000 0.500000 0.800000 0.666667 0.800000 0.800000 0.800000 0.800000 0.800000 0.800000 0.666667 
Dutch_List 0.600000 0.600000 0.500000 0.500000 0.625000 0.400000 0.571429 0.200000 0.400000 0.571429 0.200000 0.200000 0.500000 0.200000 0.500000 0.600000 0.000000 0.333333 0.500000 0.800000 0.500000 0.600000 0.600000 0.800000 0.600000 0.600000 0.600000 0.666667 
Swedish    0.666667 0.666667 0.333333 0.500000 0.625000 0.166667 0.428571 0.333333 0.166667 0.714286 0.333333 0.333333 0.500000 0.333333 0.333333 0.500000 0.333333 0.000000 0.333333 0.833333 0.666667 0.666667 0.666667 0.833333 0.666667 0.666667 0.666667 0.666667 
Danish     0.666667 0.666667 0.000000 0.250000 0.375000 0.333333 0.571429 0.333333 0.333333 0.714286 0.333333 0.333333 0.250000 0.333333 0.666667 0.500000 0.500000 0.333333 0.000000 0.833333 0.666667 0.666667 0.500000 0.833333 0.666667 0.666667 0.666667 0.666667 
Italian    1.000000 1.000000 0.833333 0.750000 0.875000 0.800000 0.857143 0.800000 0.800000 0.857143 0.800000 0.800000 0.750000 0.800000 1.000000 0.800000 0.800000 0.833333 0.833333 0.000000 0.500000 0.400000 0.600000 0.800000 0.400000 0.400000 0.400000 0.333333 
English    0.833333 0.833333 0.666667 0.500000 0.625000 0.666667 0.857143 0.666667 0.666667 0.714286 0.666667 0.666667 0.500000 0.666667 0.833333 0.666667 0.500000 0.666667 0.666667 0.500000 0.000000 0.333333 0.500000 0.500000 0.333333 0.333333 0.333333 0.500000 
Catalan    0.800000 0.800000 0.666667 0.625000 0.750000 0.600000 0.857143 0.500000 0.600000 0.857143 0.500000 0.500000 0.625000 0.500000 0.833333 0.800000 0.600000 0.666667 0.666667 0.400000 0.333333 0.000000 0.250000 0.400000 0.000000 0.000000 0.000000 0.333333 
Latin      0.800000 0.800000 0.500000 0.625000 0.750000 0.600000 0.857143 0.500000 0.600000 0.857143 0.500000 0.500000 0.625000 0.500000 0.833333 0.800000 0.600000 0.666667 0.500000 0.600000 0.500000 0.250000 0.000000 0.600000 0.250000 0.250000 0.250000 0.500000 
French     0.800000 0.800000 0.833333 0.750000 0.750000 0.800000 0.857143 0.800000 0.800000 0.571429 0.800000 0.800000 0.750000 0.800000 0.666667 0.800000 0.800000 0.833333 0.833333 0.800000 0.500000 0.400000 0.600000 0.000000 0.400000 0.400000 0.400000 0.500000 
Portuguese_St 0.800000 0.800000 0.666667 0.625000 0.750000 0.600000 0.857143 0.500000 0.600000 0.857143 0.500000 0.500000 0.625000 0.500000 0.833333 0.800000 0.600000 0.666667 0.666667 0.400000 0.333333 0.000000 0.250000 0.400000 0.000000 0.000000 0.000000 0.333333 
Spanish    0.800000 0.800000 0.666667 0.625000 0.750000 0.600000 0.857143 0.500000 0.600000 0.857143 0.500000 0.500000 0.625000 0.500000 0.833333 0.800000 0.600000 0.666667 0.666667 0.400000 0.333333 0.000000 0.250000 0.400000 0.000000 0.000000 0.000000 0.333333 
Brazilian  0.800000 0.800000 0.666667 0.625000 0.750000 0.600000 0.857143 0.500000 0.600000 0.857143 0.500000 0.500000 0.625000 0.500000 0.833333 0.800000 0.600000 0.666667 0.666667 0.400000 0.333333 0.000000 0.250000 0.400000 0.000000 0.000000 0.000000 0.333333 
Rumanian_List 0.666667 0.666667 0.666667 0.625000 0.750000 0.666667 0.571429 0.666667 0.666667 0.714286 0.666667 0.666667 0.625000 0.666667 0.833333 0.666667 0.666667 0.666667 0.666667 0.333333 0.500000 0.333333 0.500000 0.500000 0.333333 0.333333 0.333333 0.000000 
