22
﻿Danish    0.000000 0.200000 0.500000 0.200000 0.200000 0.333333 0.200000 0.200000 0.200000 0.200000 0.400000 0.200000 0.200000 0.200000 0.333333 0.400000 0.400000 0.400000 0.333333 0.333333 0.571429 0.500000 
French     0.200000 0.000000 0.500000 0.400000 0.200000 0.333333 0.000000 0.000000 0.200000 0.200000 0.400000 0.200000 0.200000 0.200000 0.333333 0.400000 0.400000 0.400000 0.333333 0.333333 0.571429 0.500000 
Cornish    0.500000 0.500000 0.000000 0.333333 0.500000 0.666667 0.500000 0.500000 0.500000 0.500000 0.333333 0.500000 0.500000 0.500000 0.500000 0.500000 0.500000 0.500000 0.500000 0.666667 0.428571 0.833333 
Danish_Fjolde 0.200000 0.400000 0.333333 0.000000 0.400000 0.500000 0.400000 0.400000 0.400000 0.400000 0.200000 0.400000 0.400000 0.400000 0.500000 0.600000 0.600000 0.600000 0.500000 0.500000 0.571429 0.666667 
Swedish    0.200000 0.200000 0.500000 0.400000 0.000000 0.333333 0.200000 0.200000 0.000000 0.000000 0.200000 0.000000 0.000000 0.000000 0.166667 0.400000 0.400000 0.400000 0.333333 0.333333 0.571429 0.500000 
Frisian    0.333333 0.333333 0.666667 0.500000 0.333333 0.000000 0.333333 0.333333 0.333333 0.333333 0.500000 0.333333 0.333333 0.333333 0.500000 0.500000 0.500000 0.500000 0.500000 0.000000 0.571429 0.166667 
English    0.200000 0.000000 0.500000 0.400000 0.200000 0.333333 0.000000 0.000000 0.200000 0.200000 0.400000 0.200000 0.200000 0.200000 0.333333 0.400000 0.400000 0.400000 0.333333 0.333333 0.571429 0.500000 
Catalan    0.200000 0.000000 0.500000 0.400000 0.200000 0.333333 0.000000 0.000000 0.200000 0.200000 0.400000 0.200000 0.200000 0.200000 0.333333 0.400000 0.400000 0.400000 0.333333 0.333333 0.571429 0.500000 
Old_Swedish 0.200000 0.200000 0.500000 0.400000 0.000000 0.333333 0.200000 0.200000 0.000000 0.000000 0.200000 0.000000 0.000000 0.000000 0.166667 0.400000 0.400000 0.400000 0.333333 0.333333 0.571429 0.500000 
Gutnish_Lau 0.200000 0.200000 0.500000 0.400000 0.000000 0.333333 0.200000 0.200000 0.000000 0.000000 0.200000 0.000000 0.000000 0.000000 0.166667 0.400000 0.400000 0.400000 0.333333 0.333333 0.571429 0.500000 
Stavangersk 0.400000 0.400000 0.333333 0.200000 0.200000 0.500000 0.400000 0.400000 0.200000 0.200000 0.000000 0.200000 0.200000 0.200000 0.333333 0.600000 0.600000 0.600000 0.500000 0.500000 0.571429 0.666667 
Övdalian   0.200000 0.200000 0.500000 0.400000 0.000000 0.333333 0.200000 0.200000 0.000000 0.000000 0.200000 0.000000 0.000000 0.000000 0.166667 0.400000 0.400000 0.400000 0.333333 0.333333 0.571429 0.500000 
Norwegian  0.200000 0.200000 0.500000 0.400000 0.000000 0.333333 0.200000 0.200000 0.000000 0.000000 0.200000 0.000000 0.000000 0.000000 0.166667 0.400000 0.400000 0.400000 0.333333 0.333333 0.571429 0.500000 
Faroese    0.200000 0.200000 0.500000 0.400000 0.000000 0.333333 0.200000 0.200000 0.000000 0.000000 0.200000 0.000000 0.000000 0.000000 0.166667 0.400000 0.400000 0.400000 0.333333 0.333333 0.571429 0.500000 
Old_Norse  0.333333 0.333333 0.500000 0.500000 0.166667 0.500000 0.333333 0.333333 0.166667 0.166667 0.333333 0.166667 0.166667 0.166667 0.000000 0.333333 0.333333 0.333333 0.333333 0.500000 0.571429 0.666667 
Spanish    0.400000 0.400000 0.500000 0.600000 0.400000 0.500000 0.400000 0.400000 0.400000 0.400000 0.600000 0.400000 0.400000 0.400000 0.333333 0.000000 0.000000 0.200000 0.333333 0.500000 0.571429 0.666667 
Portuguese_St 0.400000 0.400000 0.500000 0.600000 0.400000 0.500000 0.400000 0.400000 0.400000 0.400000 0.600000 0.400000 0.400000 0.400000 0.333333 0.000000 0.000000 0.200000 0.333333 0.500000 0.571429 0.666667 
Greek_Mod  0.400000 0.400000 0.500000 0.600000 0.400000 0.500000 0.400000 0.400000 0.400000 0.400000 0.600000 0.400000 0.400000 0.400000 0.333333 0.200000 0.200000 0.000000 0.166667 0.500000 0.571429 0.666667 
Italian    0.333333 0.333333 0.500000 0.500000 0.333333 0.500000 0.333333 0.333333 0.333333 0.333333 0.500000 0.333333 0.333333 0.333333 0.333333 0.333333 0.333333 0.166667 0.000000 0.500000 0.571429 0.666667 
German     0.333333 0.333333 0.666667 0.500000 0.333333 0.000000 0.333333 0.333333 0.333333 0.333333 0.500000 0.333333 0.333333 0.333333 0.500000 0.500000 0.500000 0.500000 0.500000 0.000000 0.571429 0.166667 
Breton_St  0.571429 0.571429 0.428571 0.571429 0.571429 0.571429 0.571429 0.571429 0.571429 0.571429 0.571429 0.571429 0.571429 0.571429 0.571429 0.571429 0.571429 0.571429 0.571429 0.571429 0.000000 0.714286 
Dutch_List 0.500000 0.500000 0.833333 0.666667 0.500000 0.166667 0.500000 0.500000 0.500000 0.500000 0.666667 0.500000 0.500000 0.500000 0.666667 0.666667 0.666667 0.666667 0.666667 0.166667 0.714286 0.000000 
