19
Danish_Fjolde 0.000000 0.500000 0.500000 0.500000 0.500000 0.500000 0.500000 0.666667 0.666667 0.500000 0.500000 0.500000 0.833333 0.666667 0.666667 0.666667 0.666667 0.666667 0.666667 
Norwegian  0.500000 0.000000 0.000000 0.166667 0.000000 0.333333 0.333333 0.500000 0.500000 0.333333 0.200000 0.400000 0.666667 0.600000 0.600000 0.600000 0.600000 0.800000 0.500000 
Stavangersk 0.500000 0.000000 0.000000 0.166667 0.000000 0.333333 0.333333 0.500000 0.500000 0.333333 0.200000 0.400000 0.666667 0.600000 0.600000 0.600000 0.600000 0.800000 0.500000 
Old_Swedish 0.500000 0.166667 0.166667 0.000000 0.166667 0.333333 0.166667 0.333333 0.333333 0.500000 0.333333 0.500000 0.666667 0.666667 0.666667 0.666667 0.666667 0.666667 0.666667 
Danish     0.500000 0.000000 0.000000 0.166667 0.000000 0.333333 0.333333 0.500000 0.500000 0.333333 0.200000 0.400000 0.666667 0.600000 0.600000 0.600000 0.600000 0.800000 0.500000 
Gutnish_Lau 0.500000 0.333333 0.333333 0.333333 0.333333 0.000000 0.333333 0.500000 0.500000 0.333333 0.166667 0.500000 0.833333 0.500000 0.500000 0.500000 0.500000 0.666667 0.500000 
Faroese    0.500000 0.333333 0.333333 0.166667 0.333333 0.333333 0.000000 0.166667 0.166667 0.500000 0.333333 0.500000 0.833333 0.666667 0.666667 0.666667 0.666667 0.666667 0.666667 
Old_Norse  0.666667 0.500000 0.500000 0.333333 0.500000 0.500000 0.166667 0.000000 0.000000 0.666667 0.500000 0.666667 0.833333 0.666667 0.666667 0.666667 0.666667 0.833333 0.833333 
Icelandic_St 0.666667 0.500000 0.500000 0.333333 0.500000 0.500000 0.166667 0.000000 0.000000 0.666667 0.500000 0.666667 0.833333 0.666667 0.666667 0.666667 0.666667 0.833333 0.833333 
Övdalian   0.500000 0.333333 0.333333 0.500000 0.333333 0.333333 0.500000 0.666667 0.666667 0.000000 0.333333 0.500000 0.833333 0.666667 0.666667 0.666667 0.666667 0.833333 0.500000 
Swedish    0.500000 0.200000 0.200000 0.333333 0.200000 0.166667 0.333333 0.500000 0.500000 0.333333 0.000000 0.400000 0.833333 0.600000 0.600000 0.600000 0.600000 0.800000 0.500000 
English    0.500000 0.400000 0.400000 0.500000 0.400000 0.500000 0.500000 0.666667 0.666667 0.500000 0.400000 0.000000 0.833333 0.800000 0.800000 0.800000 0.800000 0.800000 0.666667 
Övdalian2  0.833333 0.666667 0.666667 0.666667 0.666667 0.833333 0.833333 0.833333 0.833333 0.833333 0.833333 0.833333 0.000000 0.833333 0.833333 0.833333 0.833333 0.833333 0.833333 
Bulgarian  0.666667 0.600000 0.600000 0.666667 0.600000 0.500000 0.666667 0.666667 0.666667 0.666667 0.600000 0.800000 0.833333 0.000000 0.000000 0.000000 0.000000 0.200000 0.333333 
Russian    0.666667 0.600000 0.600000 0.666667 0.600000 0.500000 0.666667 0.666667 0.666667 0.666667 0.600000 0.800000 0.833333 0.000000 0.000000 0.000000 0.000000 0.200000 0.333333 
Serbocroatian_P 0.666667 0.600000 0.600000 0.666667 0.600000 0.500000 0.666667 0.666667 0.666667 0.666667 0.600000 0.800000 0.833333 0.000000 0.000000 0.000000 0.000000 0.200000 0.333333 
Serbian    0.666667 0.600000 0.600000 0.666667 0.600000 0.500000 0.666667 0.666667 0.666667 0.666667 0.600000 0.800000 0.833333 0.000000 0.000000 0.000000 0.000000 0.200000 0.333333 
Czech      0.666667 0.800000 0.800000 0.666667 0.800000 0.666667 0.666667 0.833333 0.833333 0.833333 0.800000 0.800000 0.833333 0.200000 0.200000 0.200000 0.200000 0.000000 0.500000 
Old_Church_Slavonic 0.666667 0.500000 0.500000 0.666667 0.500000 0.500000 0.666667 0.833333 0.833333 0.500000 0.500000 0.666667 0.833333 0.333333 0.333333 0.333333 0.333333 0.500000 0.000000 
