12
Danish     0.000000 0.000000 0.000000 0.000000 0.250000 0.142857 0.142857 0.142857 0.428571 0.250000 0.333333 0.285714 
Norwegian  0.000000 0.000000 0.000000 0.000000 0.250000 0.142857 0.142857 0.142857 0.428571 0.250000 0.333333 0.285714 
Swedish    0.000000 0.000000 0.000000 0.000000 0.250000 0.142857 0.142857 0.142857 0.428571 0.250000 0.333333 0.285714 
English    0.000000 0.000000 0.000000 0.000000 0.250000 0.142857 0.142857 0.142857 0.428571 0.250000 0.333333 0.285714 
French     0.250000 0.250000 0.250000 0.250000 0.000000 0.250000 0.250000 0.250000 0.500000 0.250000 0.375000 0.375000 
Dutch_List 0.142857 0.142857 0.142857 0.142857 0.250000 0.000000 0.285714 0.285714 0.428571 0.375000 0.142857 0.428571 
Italian    0.142857 0.142857 0.142857 0.142857 0.250000 0.285714 0.000000 0.000000 0.571429 0.250000 0.428571 0.142857 
Catalan    0.142857 0.142857 0.142857 0.142857 0.250000 0.285714 0.000000 0.000000 0.571429 0.250000 0.428571 0.142857 
Gutnish_Lau 0.428571 0.428571 0.428571 0.428571 0.500000 0.428571 0.571429 0.571429 0.000000 0.500000 0.571429 0.571429 
Faroese    0.250000 0.250000 0.250000 0.250000 0.250000 0.375000 0.250000 0.250000 0.500000 0.000000 0.500000 0.375000 
Danish_Fjolde 0.333333 0.333333 0.333333 0.333333 0.375000 0.142857 0.428571 0.428571 0.571429 0.500000 0.000000 0.571429 
Icelandic_St 0.285714 0.285714 0.285714 0.285714 0.375000 0.428571 0.142857 0.142857 0.571429 0.375000 0.571429 0.000000 
