28
Catalan    0.000000 0.714286 0.777778 0.600000 0.833333 0.800000 0.800000 0.833333 0.800000 0.800000 1.000000 0.800000 1.000000 0.800000 0.800000 0.800000 0.800000 0.800000 0.800000 0.800000 0.800000 0.800000 0.800000 0.800000 0.428571 0.500000 0.500000 0.800000 
Cornish    0.714286 0.000000 0.666667 0.714286 1.000000 0.857143 0.857143 1.000000 0.857143 0.714286 0.857143 0.857143 0.714286 0.857143 0.857143 0.714286 0.857143 0.857143 0.857143 0.857143 0.714286 0.857143 0.857143 0.857143 1.000000 0.857143 0.857143 0.857143 
Breton_St  0.777778 0.666667 0.000000 0.666667 0.777778 0.777778 0.777778 0.666667 0.888889 0.777778 0.666667 0.666667 0.666667 0.888889 0.888889 0.888889 0.888889 0.888889 0.888889 0.888889 0.888889 0.888889 0.888889 0.888889 0.777778 0.666667 0.777778 0.777778 
Old_Irish  0.600000 0.714286 0.666667 0.000000 1.000000 1.000000 1.000000 0.833333 0.750000 0.750000 1.000000 1.000000 1.000000 0.750000 0.750000 0.750000 0.750000 1.000000 0.750000 1.000000 0.750000 1.000000 0.750000 1.000000 0.714286 0.666667 0.666667 1.000000 
Italian    0.833333 1.000000 0.777778 1.000000 0.000000 0.500000 0.500000 0.333333 0.833333 0.833333 0.666667 0.666667 0.833333 0.833333 0.833333 0.666667 0.833333 0.666667 0.833333 0.833333 0.666667 0.833333 0.833333 0.833333 0.857143 1.000000 1.000000 0.500000 
Portuguese_St 0.800000 0.857143 0.777778 1.000000 0.500000 0.000000 0.000000 0.500000 0.750000 0.750000 0.800000 0.500000 0.600000 0.750000 0.750000 0.750000 0.750000 0.500000 0.750000 0.750000 0.750000 0.750000 0.750000 0.750000 0.857143 0.833333 0.833333 0.000000 
Spanish    0.800000 0.857143 0.777778 1.000000 0.500000 0.000000 0.000000 0.500000 0.750000 0.750000 0.800000 0.500000 0.600000 0.750000 0.750000 0.750000 0.750000 0.500000 0.750000 0.750000 0.750000 0.750000 0.750000 0.750000 0.857143 0.833333 0.833333 0.000000 
French     0.833333 1.000000 0.666667 0.833333 0.333333 0.500000 0.500000 0.000000 0.833333 0.833333 0.666667 0.666667 0.833333 0.833333 0.833333 0.833333 0.833333 0.666667 0.833333 0.833333 0.833333 0.833333 0.833333 0.833333 0.857143 1.000000 1.000000 0.500000 
Faroese    0.800000 0.857143 0.888889 0.750000 0.833333 0.750000 0.750000 0.833333 0.000000 0.750000 0.800000 0.750000 0.800000 0.000000 0.000000 0.333333 0.000000 0.500000 0.000000 0.250000 0.333333 0.250000 0.000000 0.500000 0.714286 0.833333 0.666667 0.750000 
Tadzik     0.800000 0.714286 0.777778 0.750000 0.833333 0.750000 0.750000 0.833333 0.750000 0.000000 0.600000 0.500000 0.600000 0.750000 0.750000 0.750000 0.750000 0.750000 0.750000 0.750000 0.750000 0.750000 0.750000 0.750000 0.857143 0.833333 0.833333 0.750000 
Persian    1.000000 0.857143 0.666667 1.000000 0.666667 0.800000 0.800000 0.666667 0.800000 0.600000 0.000000 0.600000 0.600000 0.800000 0.800000 0.800000 0.800000 0.800000 0.800000 0.800000 0.800000 0.800000 0.800000 0.800000 0.857143 0.833333 0.833333 0.800000 
Greek_Mod  0.800000 0.857143 0.666667 1.000000 0.666667 0.500000 0.500000 0.666667 0.750000 0.500000 0.600000 0.000000 0.200000 0.750000 0.750000 0.750000 0.750000 0.750000 0.750000 0.750000 0.750000 0.750000 0.750000 0.750000 0.857143 0.833333 0.833333 0.500000 
Ancient_Greek 1.000000 0.714286 0.666667 1.000000 0.833333 0.600000 0.600000 0.833333 0.800000 0.600000 0.600000 0.200000 0.000000 0.800000 0.800000 0.600000 0.800000 0.800000 0.800000 0.800000 0.600000 0.800000 0.800000 0.800000 1.000000 0.833333 1.000000 0.600000 
Old_Norse  0.800000 0.857143 0.888889 0.750000 0.833333 0.750000 0.750000 0.833333 0.000000 0.750000 0.800000 0.750000 0.800000 0.000000 0.000000 0.333333 0.000000 0.500000 0.000000 0.250000 0.333333 0.250000 0.000000 0.500000 0.714286 0.833333 0.666667 0.750000 
Old_Swedish 0.800000 0.857143 0.888889 0.750000 0.833333 0.750000 0.750000 0.833333 0.000000 0.750000 0.800000 0.750000 0.800000 0.000000 0.000000 0.333333 0.000000 0.500000 0.000000 0.250000 0.333333 0.250000 0.000000 0.500000 0.714286 0.833333 0.666667 0.750000 
Danish     0.800000 0.714286 0.888889 0.750000 0.666667 0.750000 0.750000 0.833333 0.333333 0.750000 0.800000 0.750000 0.600000 0.333333 0.333333 0.000000 0.333333 0.750000 0.333333 0.500000 0.000000 0.500000 0.333333 0.500000 0.857143 0.833333 0.833333 0.750000 
Icelandic_St 0.800000 0.857143 0.888889 0.750000 0.833333 0.750000 0.750000 0.833333 0.000000 0.750000 0.800000 0.750000 0.800000 0.000000 0.000000 0.333333 0.000000 0.500000 0.000000 0.250000 0.333333 0.250000 0.000000 0.500000 0.714286 0.833333 0.666667 0.750000 
Gutnish_Lau 0.800000 0.857143 0.888889 1.000000 0.666667 0.500000 0.500000 0.666667 0.500000 0.750000 0.800000 0.750000 0.800000 0.500000 0.500000 0.750000 0.500000 0.000000 0.500000 0.500000 0.750000 0.500000 0.500000 0.750000 0.714286 0.833333 0.833333 0.500000 
Swedish    0.800000 0.857143 0.888889 0.750000 0.833333 0.750000 0.750000 0.833333 0.000000 0.750000 0.800000 0.750000 0.800000 0.000000 0.000000 0.333333 0.000000 0.500000 0.000000 0.250000 0.333333 0.250000 0.000000 0.500000 0.714286 0.833333 0.666667 0.750000 
English    0.800000 0.857143 0.888889 1.000000 0.833333 0.750000 0.750000 0.833333 0.250000 0.750000 0.800000 0.750000 0.800000 0.250000 0.250000 0.500000 0.250000 0.500000 0.250000 0.000000 0.500000 0.250000 0.250000 0.500000 0.714286 0.833333 0.666667 0.750000 
Stavangersk 0.800000 0.714286 0.888889 0.750000 0.666667 0.750000 0.750000 0.833333 0.333333 0.750000 0.800000 0.750000 0.600000 0.333333 0.333333 0.000000 0.333333 0.750000 0.333333 0.500000 0.000000 0.500000 0.333333 0.500000 0.857143 0.833333 0.833333 0.750000 
Övdalian   0.800000 0.857143 0.888889 1.000000 0.833333 0.750000 0.750000 0.833333 0.250000 0.750000 0.800000 0.750000 0.800000 0.250000 0.250000 0.500000 0.250000 0.500000 0.250000 0.250000 0.500000 0.000000 0.250000 0.250000 0.857143 0.833333 0.833333 0.750000 
Norwegian  0.800000 0.857143 0.888889 0.750000 0.833333 0.750000 0.750000 0.833333 0.000000 0.750000 0.800000 0.750000 0.800000 0.000000 0.000000 0.333333 0.000000 0.500000 0.000000 0.250000 0.333333 0.250000 0.000000 0.500000 0.714286 0.833333 0.666667 0.750000 
Danish_Fjolde 0.800000 0.857143 0.888889 1.000000 0.833333 0.750000 0.750000 0.833333 0.500000 0.750000 0.800000 0.750000 0.800000 0.500000 0.500000 0.500000 0.500000 0.750000 0.500000 0.500000 0.500000 0.250000 0.500000 0.000000 0.857143 0.833333 0.833333 0.750000 
Frisian    0.428571 1.000000 0.777778 0.714286 0.857143 0.857143 0.857143 0.857143 0.714286 0.857143 0.857143 0.857143 1.000000 0.714286 0.714286 0.857143 0.714286 0.714286 0.714286 0.714286 0.857143 0.857143 0.714286 0.857143 0.000000 0.428571 0.142857 0.857143 
German     0.500000 0.857143 0.666667 0.666667 1.000000 0.833333 0.833333 1.000000 0.833333 0.833333 0.833333 0.833333 0.833333 0.833333 0.833333 0.833333 0.833333 0.833333 0.833333 0.833333 0.833333 0.833333 0.833333 0.833333 0.428571 0.000000 0.333333 0.833333 
Dutch_List 0.500000 0.857143 0.777778 0.666667 1.000000 0.833333 0.833333 1.000000 0.666667 0.833333 0.833333 0.833333 1.000000 0.666667 0.666667 0.833333 0.666667 0.833333 0.666667 0.666667 0.833333 0.833333 0.666667 0.833333 0.142857 0.333333 0.000000 0.833333 
Brazilian  0.800000 0.857143 0.777778 1.000000 0.500000 0.000000 0.000000 0.500000 0.750000 0.750000 0.800000 0.500000 0.600000 0.750000 0.750000 0.750000 0.750000 0.500000 0.750000 0.750000 0.750000 0.750000 0.750000 0.750000 0.857143 0.833333 0.833333 0.000000 
