11
Swedish    0.000000 0.000000 0.200000 0.200000 0.000000 0.200000 0.000000 0.200000 0.000000 0.333333 0.200000 
Icelandic_St 0.000000 0.000000 0.200000 0.200000 0.000000 0.200000 0.000000 0.200000 0.000000 0.333333 0.200000 
Danish     0.200000 0.200000 0.000000 0.400000 0.200000 0.200000 0.200000 0.200000 0.200000 0.500000 0.000000 
Stavangersk 0.200000 0.200000 0.400000 0.000000 0.200000 0.400000 0.200000 0.400000 0.200000 0.166667 0.400000 
Norwegian  0.000000 0.000000 0.200000 0.200000 0.000000 0.200000 0.000000 0.200000 0.000000 0.333333 0.200000 
English    0.200000 0.200000 0.200000 0.400000 0.200000 0.000000 0.200000 0.000000 0.200000 0.500000 0.200000 
Old_Norse  0.000000 0.000000 0.200000 0.200000 0.000000 0.200000 0.000000 0.200000 0.000000 0.333333 0.200000 
Old_Swedish 0.200000 0.200000 0.200000 0.400000 0.200000 0.000000 0.200000 0.000000 0.200000 0.500000 0.200000 
Gutnish_Lau 0.000000 0.000000 0.200000 0.200000 0.000000 0.200000 0.000000 0.200000 0.000000 0.333333 0.200000 
Övdalian   0.333333 0.333333 0.500000 0.166667 0.333333 0.500000 0.333333 0.500000 0.333333 0.000000 0.500000 
Danish_Fjolde 0.200000 0.200000 0.000000 0.400000 0.200000 0.200000 0.200000 0.200000 0.200000 0.500000 0.000000 
