14
Old_Norse 0.000 0.000 0.484 0.434 0.434 0.434 0.033 0.434 0.390 0.434 0.434 0.434 0.434 0.320 
Icelandic 0.000 0.000 0.484 0.434 0.434 0.434 0.033 0.434 0.390 0.434 0.434 0.434 0.434 0.320 
Faroese   0.484 0.484 0.000 0.517 0.517 0.517 0.455 0.517 0.554 0.517 0.554 0.517 0.554 0.482 
Norwegian 0.434 0.434 0.517 0.000 0.000 0.000 0.390 0.000 0.067 0.000 0.067 0.000 0.067 0.288 
Stavanger 0.434 0.434 0.517 0.000 0.000 0.000 0.390 0.000 0.067 0.000 0.067 0.000 0.067 0.288 
Stavanger 0.434 0.434 0.517 0.000 0.000 0.000 0.390 0.000 0.067 0.000 0.067 0.000 0.067 0.288 
Old_Swedi 0.033 0.033 0.455 0.390 0.390 0.390 0.000 0.390 0.434 0.390 0.434 0.390 0.434 0.360 
Swedish   0.434 0.434 0.517 0.000 0.000 0.000 0.390 0.000 0.067 0.000 0.067 0.000 0.067 0.288 
Övdalian  0.390 0.390 0.554 0.067 0.067 0.067 0.434 0.067 0.000 0.067 0.067 0.067 0.067 0.231 
Danish    0.434 0.434 0.517 0.000 0.000 0.000 0.390 0.000 0.067 0.000 0.067 0.000 0.067 0.288 
Danish_Fj 0.434 0.434 0.554 0.067 0.067 0.067 0.434 0.067 0.067 0.067 0.000 0.067 0.067 0.231 
Gutnish_L 0.434 0.434 0.517 0.000 0.000 0.000 0.390 0.000 0.067 0.000 0.067 0.000 0.067 0.288 
English   0.434 0.434 0.554 0.067 0.067 0.067 0.434 0.067 0.067 0.067 0.067 0.067 0.000 0.231 
Frisian   0.320 0.320 0.482 0.288 0.288 0.288 0.360 0.288 0.231 0.288 0.231 0.288 0.231 0.000 
