9
Assamese  0.000 0.649 0.649 0.649 0.649 0.649 0.649 0.676 0.649 
Cornish   0.649 0.000 0.000 0.000 0.000 0.000 0.000 0.029 0.000 
Old_Norse 0.649 0.000 0.000 0.000 0.000 0.000 0.000 0.029 0.000 
Old_Swedi 0.649 0.000 0.000 0.000 0.000 0.000 0.000 0.029 0.000 
Norwegian 0.649 0.000 0.000 0.000 0.000 0.000 0.000 0.029 0.000 
Stavanger 0.649 0.000 0.000 0.000 0.000 0.000 0.000 0.029 0.000 
Faroese   0.649 0.000 0.000 0.000 0.000 0.000 0.000 0.029 0.000 
English   0.676 0.029 0.029 0.029 0.029 0.029 0.029 0.000 0.029 
Icelandic 0.649 0.000 0.000 0.000 0.000 0.000 0.000 0.029 0.000 
