13
Old_Norse  0.000000 0.166667 0.166667 0.400000 0.400000 0.333333 0.400000 0.400000 0.400000 0.600000 0.400000 0.400000 0.200000 
Icelandic_St 0.166667 0.000000 0.000000 0.500000 0.500000 0.333333 0.500000 0.500000 0.500000 0.666667 0.500000 0.500000 0.333333 
Faroese    0.166667 0.000000 0.000000 0.500000 0.500000 0.333333 0.500000 0.500000 0.500000 0.666667 0.500000 0.500000 0.333333 
Norwegian  0.400000 0.500000 0.500000 0.000000 0.000000 0.333333 0.000000 0.000000 0.000000 0.200000 0.000000 0.000000 0.400000 
Stavangersk 0.400000 0.500000 0.500000 0.000000 0.000000 0.333333 0.000000 0.000000 0.000000 0.200000 0.000000 0.000000 0.400000 
Old_Swedish 0.333333 0.333333 0.333333 0.333333 0.333333 0.000000 0.333333 0.333333 0.333333 0.333333 0.333333 0.333333 0.333333 
Swedish    0.400000 0.500000 0.500000 0.000000 0.000000 0.333333 0.000000 0.000000 0.000000 0.200000 0.000000 0.000000 0.400000 
Övdalian   0.400000 0.500000 0.500000 0.000000 0.000000 0.333333 0.000000 0.000000 0.000000 0.200000 0.000000 0.000000 0.400000 
Danish     0.400000 0.500000 0.500000 0.000000 0.000000 0.333333 0.000000 0.000000 0.000000 0.200000 0.000000 0.000000 0.400000 
Danish_Fjolde 0.600000 0.666667 0.666667 0.200000 0.200000 0.333333 0.200000 0.200000 0.200000 0.000000 0.200000 0.200000 0.600000 
Gutnish_Lau 0.400000 0.500000 0.500000 0.000000 0.000000 0.333333 0.000000 0.000000 0.000000 0.200000 0.000000 0.000000 0.400000 
English    0.400000 0.500000 0.500000 0.000000 0.000000 0.333333 0.000000 0.000000 0.000000 0.200000 0.000000 0.000000 0.400000 
German     0.200000 0.333333 0.333333 0.400000 0.400000 0.333333 0.400000 0.400000 0.400000 0.600000 0.400000 0.400000 0.000000 
