9
Icelandic_St 0.000000 0.000000 0.000000 0.000000 0.000000 0.000000 0.000000 0.200000 0.440000 
English    0.000000 0.000000 0.000000 0.000000 0.000000 0.000000 0.000000 0.200000 0.440000 
Faroese    0.000000 0.000000 0.000000 0.000000 0.000000 0.000000 0.000000 0.200000 0.440000 
Norwegian  0.000000 0.000000 0.000000 0.000000 0.000000 0.000000 0.000000 0.200000 0.440000 
Stavangersk 0.000000 0.000000 0.000000 0.000000 0.000000 0.000000 0.000000 0.200000 0.440000 
Old_Norse  0.000000 0.000000 0.000000 0.000000 0.000000 0.000000 0.000000 0.200000 0.440000 
Old_Swedish 0.000000 0.000000 0.000000 0.000000 0.000000 0.000000 0.000000 0.200000 0.440000 
Cornish    0.200000 0.200000 0.200000 0.200000 0.200000 0.200000 0.200000 0.000000 0.600000 
Assamese   0.440000 0.440000 0.440000 0.440000 0.440000 0.440000 0.440000 0.600000 0.000000 
