9
Danish_Fjolde 0.000000 0.250000 0.250000 0.250000 0.400000 0.220000 0.020000 0.400000 0.400000 
Danish     0.250000 0.000000 0.000000 0.000000 0.200000 0.020000 0.220000 0.400000 0.320000 
Frisian    0.250000 0.000000 0.000000 0.000000 0.200000 0.020000 0.220000 0.400000 0.320000 
Dutch_List 0.250000 0.000000 0.000000 0.000000 0.200000 0.020000 0.220000 0.400000 0.320000 
German     0.400000 0.200000 0.200000 0.200000 0.000000 0.220000 0.420000 0.200000 0.120000 
Norwegian  0.220000 0.020000 0.020000 0.020000 0.220000 0.000000 0.200000 0.420000 0.340000 
Stavangersk 0.020000 0.220000 0.220000 0.220000 0.420000 0.200000 0.000000 0.420000 0.420000 
English    0.400000 0.400000 0.400000 0.400000 0.200000 0.420000 0.420000 0.000000 0.200000 
Gutnish_Lau 0.400000 0.320000 0.320000 0.320000 0.120000 0.340000 0.420000 0.200000 0.000000 
