9
English   0.000 0.427 0.253 0.118 0.174 0.209 0.185 0.403 0.426 
Catalan   0.427 0.000 0.396 0.480 0.297 0.547 0.341 0.374 0.374 
Portugues 0.253 0.396 0.000 0.157 0.122 0.249 0.371 0.423 0.405 
Spanish   0.118 0.480 0.157 0.000 0.211 0.097 0.225 0.467 0.467 
French    0.174 0.297 0.122 0.211 0.000 0.303 0.329 0.545 0.545 
Italian   0.209 0.547 0.249 0.097 0.303 0.000 0.305 0.534 0.534 
Italian2  0.185 0.341 0.371 0.225 0.329 0.305 0.000 0.367 0.367 
Cornish   0.403 0.374 0.423 0.467 0.545 0.534 0.367 0.000 0.125 
Breton_St 0.426 0.374 0.405 0.467 0.545 0.534 0.367 0.125 0.000 
