12
Icelandic 0.000 0.239 0.232 0.232 0.211 0.211 0.080 0.232 0.080 0.018 0.080 0.000 
Faroese   0.239 0.000 0.256 0.256 0.235 0.235 0.324 0.256 0.324 0.239 0.324 0.239 
Norwegian 0.232 0.256 0.000 0.000 0.025 0.025 0.152 0.025 0.152 0.232 0.152 0.232 
Swedish   0.232 0.256 0.000 0.000 0.025 0.025 0.152 0.025 0.152 0.232 0.152 0.232 
Danish    0.211 0.235 0.025 0.025 0.000 0.000 0.130 0.025 0.130 0.211 0.130 0.211 
Danish_Fj 0.211 0.235 0.025 0.025 0.000 0.000 0.130 0.025 0.130 0.211 0.130 0.211 
Gutnish_L 0.080 0.324 0.152 0.152 0.130 0.130 0.000 0.152 0.000 0.080 0.000 0.080 
English   0.232 0.256 0.025 0.025 0.025 0.025 0.152 0.000 0.152 0.232 0.152 0.232 
Dutch_Lis 0.080 0.324 0.152 0.152 0.130 0.130 0.000 0.152 0.000 0.080 0.000 0.080 
Catalan   0.018 0.239 0.232 0.232 0.211 0.211 0.080 0.232 0.080 0.000 0.080 0.018 
French    0.080 0.324 0.152 0.152 0.130 0.130 0.000 0.152 0.000 0.080 0.000 0.080 
Italian   0.000 0.239 0.232 0.232 0.211 0.211 0.080 0.232 0.080 0.018 0.080 0.000 
