10
Norwegian 0.000 0.000 0.029 0.000 0.029 0.057 0.000 0.000 0.000 0.000 
Stavanger 0.000 0.000 0.029 0.000 0.029 0.057 0.000 0.000 0.000 0.000 
Danish    0.029 0.029 0.000 0.029 0.029 0.029 0.029 0.029 0.029 0.029 
Danish_Fj 0.000 0.000 0.029 0.000 0.029 0.057 0.000 0.000 0.000 0.000 
Gutnish_L 0.029 0.029 0.029 0.029 0.000 0.029 0.029 0.029 0.029 0.029 
English   0.057 0.057 0.029 0.057 0.029 0.000 0.057 0.057 0.057 0.057 
Frisian   0.000 0.000 0.029 0.000 0.029 0.057 0.000 0.000 0.000 0.000 
F2risian  0.000 0.000 0.029 0.000 0.029 0.057 0.000 0.000 0.000 0.000 
Dutch_Lis 0.000 0.000 0.029 0.000 0.029 0.057 0.000 0.000 0.000 0.000 
German    0.000 0.000 0.029 0.000 0.029 0.057 0.000 0.000 0.000 0.000 
